
====================================================================
               Q38 主效应  Q38 交互项  Q37 主效应  Q37 交互项  Q39 主效应  Q39 交互项 
--------------------------------------------------------------------
const          2.188*** 2.188*** 1.792*** 1.702*** 1.955*** 1.849***
               (0.254)  (0.270)  (0.265)  (0.285)  (0.292)  (0.305) 
F1_z           0.738*** 0.738*** 0.711*** 0.684*** 0.722*** 0.691***
               (0.041)  (0.052)  (0.043)  (0.055)  (0.044)  (0.056) 
F2_z           0.046    0.046    0.045    0.066    0.006    0.030   
               (0.051)  (0.058)  (0.055)  (0.064)  (0.055)  (0.061) 
Q4             0.046    0.046    -0.021   -0.017   0.033    0.038   
               (0.075)  (0.076)  (0.078)  (0.079)  (0.080)  (0.080) 
Q5             -0.023   -0.023   0.072    0.070    0.033    0.030   
               (0.046)  (0.046)  (0.048)  (0.049)  (0.046)  (0.046) 
Q6             0.085    0.085    -0.006   0.020    0.019    0.050   
               (0.087)  (0.089)  (0.089)  (0.092)  (0.092)  (0.094) 
Q7             0.006    0.006    0.020    0.021    -0.012   -0.011  
               (0.047)  (0.047)  (0.045)  (0.046)  (0.045)  (0.045) 
Q9             -0.025   -0.025   0.068    0.073    0.011    0.018   
               (0.056)  (0.057)  (0.060)  (0.061)  (0.061)  (0.062) 
Q30            0.036    0.036    0.061    0.069    0.113**  0.123***
               (0.047)  (0.048)  (0.047)  (0.047)  (0.046)  (0.047) 
F1xF2                   -0.000            0.056             0.066   
                        (0.043)           (0.049)           (0.045) 
R-squared      0.450    0.450    0.380    0.382    0.380    0.383   
R-squared Adj. 0.442    0.441    0.371    0.372    0.371    0.372   
Adj.R²         0.442    0.441    0.371    0.372    0.371    0.372   
N              542      542      542      542      542      542     
R²             0.450    0.450    0.380    0.382    0.380    0.383   
====================================================================
Standard errors in parentheses.
* p<.1, ** p<.05, ***p<.01